               -510.9634965353
          0.000131192      -0.000000000       0.000000000
          0.000000000       0.000131230      -0.000000010
          0.000000000      -0.000000010       0.000115723
           8
  1    24      -0.000099352       0.000000002      -0.000000012  Cr.1
  1    24       0.000099349      -0.000000001       0.000000010  Cr.1
  2    53      -0.011585724       0.006702948       0.023275523  I.2
  2    53      -0.011585723      -0.006702951      -0.023275524  I.2
  2    53      -0.000000029      -0.013411173       0.023374324  I.2
  2    53      -0.000000032       0.013411172      -0.023374324  I.2
  2    53       0.011585752       0.006702900       0.023275523  I.2
  2    53       0.011585754      -0.006702896      -0.023275523  I.2
