               -510.9210445627
          0.000136605       0.000000000       0.000000000
          0.000000000       0.000136615      -0.000000000
          0.000000000      -0.000000000       0.000120866
           8
  1    24      -0.000000141       0.000000003      -0.000000010  Cr.1
  1    24       0.000000138      -0.000000002       0.000000008  Cr.1
  2    53      -0.012495759       0.007215513       0.024305910  I.2
  2    53      -0.012495758      -0.007215514      -0.024305910  I.2
  2    53      -0.000000505      -0.014427295       0.024306268  I.2
  2    53      -0.000000508       0.014427294      -0.024306268  I.2
  2    53       0.012496264       0.007214638       0.024305909  I.2
  2    53       0.012496265      -0.007214636      -0.024305910  I.2
