               -510.9268337889
          0.000137930       0.000000000      -0.000000000
          0.000000000       0.000137940      -0.000000000
         -0.000000000      -0.000000000       0.000122143
           8
  1    24      -0.000000141       0.000000001      -0.000000006  Cr.1
  1    24       0.000000142      -0.000000000      -0.000000001  Cr.1
  2    53      -0.012580339       0.007264337       0.024563155  I.2
  2    53      -0.012580339      -0.007264336      -0.024563154  I.2
  2    53      -0.000000494      -0.014524948       0.024563520  I.2
  2    53      -0.000000495       0.014524948      -0.024563520  I.2
  2    53       0.012580832       0.007263480       0.024563154  I.2
  2    53       0.012580833      -0.007263481      -0.024563155  I.2
