    28
     1    0.118494   -0.205238    0.000000       0.020408
     2    0.078996   -0.136825    0.000000       0.020408
     3    0.039498   -0.068413    0.000000       0.020408
     4    0.000000    0.000000    0.000000       0.020408
     5   -0.039498    0.068413    0.000000       0.020408
     6   -0.078996    0.136825    0.000000       0.020408
     7   -0.118494    0.205238    0.000000       0.020408
     8    0.078996   -0.273650    0.000000       0.040816
     9    0.039498   -0.205238    0.000000       0.040816
    10    0.000000   -0.136825    0.000000       0.040816
    11   -0.039498   -0.068413    0.000000       0.040816
    12   -0.078996    0.000000    0.000000       0.040816
    13   -0.118494    0.068413    0.000000       0.040816
    14   -0.157992    0.136825    0.000000       0.040816
    15    0.039498   -0.342063    0.000000       0.040816
    16    0.000000   -0.273650    0.000000       0.040816
    17   -0.039498   -0.205238    0.000000       0.040816
    18   -0.078996   -0.136825    0.000000       0.040816
    19   -0.118494   -0.068413    0.000000       0.040816
    20   -0.157992    0.000000    0.000000       0.040816
    21   -0.197490    0.068413    0.000000       0.040816
    22    0.000000   -0.410475    0.000000       0.040816
    23   -0.039498   -0.342063    0.000000       0.040816
    24   -0.078996   -0.273650    0.000000       0.040816
    25   -0.118494   -0.205238    0.000000       0.040816
    26   -0.157992   -0.136825    0.000000       0.040816
    27   -0.197490   -0.068413    0.000000       0.040816
    28   -0.236988    0.000000    0.000000       0.040816
