               -510.9635982641
          0.000131194      -0.000000000       0.000000000
          0.000000000       0.000131204      -0.000000000
          0.000000000      -0.000000000       0.000115254
           8
  1    24      -0.000000210       0.000000002      -0.000000011  Cr.1
  1    24       0.000000207      -0.000000001       0.000000010  Cr.1
  2    53      -0.011603598       0.006699735       0.023193082  I.2
  2    53      -0.011603597      -0.006699738      -0.023193082  I.2
  2    53       0.000000007      -0.013396869       0.023193535  I.2
  2    53       0.000000003       0.013396869      -0.023193535  I.2
  2    53       0.011603591       0.006699749       0.023193081  I.2
  2    53       0.011603592      -0.006699745      -0.023193081  I.2
