               -510.9634960757
          0.000131236      -0.000000000       0.000000000
          0.000000000       0.000131214       0.000000010
          0.000000000       0.000000009       0.000115740
           8
  1    24       0.000096699       0.000000002      -0.000000012  Cr.1
  1    24      -0.000096702      -0.000000001       0.000000010  Cr.1
  2    53      -0.011615914       0.006693716       0.023344807  I.2
  2    53      -0.011615913      -0.006693719      -0.023344808  I.2
  2    53      -0.000000023      -0.013375553       0.023246231  I.2
  2    53      -0.000000027       0.013375552      -0.023246231  I.2
  2    53       0.011615937       0.006693677       0.023344806  I.2
  2    53       0.011615938      -0.006693673      -0.023344806  I.2
